
1 0.45975903614457836
2 0.4645783132530121
3 0.45686746987951793
4 0.4621686746987951
5 0.460963855421687
6 0.4624096385542169
7 0.7144578313253013
8 0.7009638554216869
9 0.7007228915662651

10 0.6934939759036144
11 0.6944578313253015
12 0.6956626506024096
13 0.6761445783132529
14 0.6848192771084336
15 0.6910843373493977
16 0.690843373493976
17 0.7089156626506024
18 0.7086746987951805
19 0.711566265060241

20 0.7074698795180726
21 0.7043373493975901
22 0.7125301204819278
23 0.7187951807228914
24 0.7091566265060238
25 0.7185542168674701
26 0.7048192771084336
27 0.7103614457831324
28 0.7089156626506024
29 0.702409638554217

30 0.7125301204819279
31 0.7103614457831324
32 0.7096385542168675
33 0.7038554216867471
34 0.7159036144578311
35 0.708433734939759
36 0.7163855421686744
37 0.7175903614457834
38 0.7224096385542166
39 0.7197590361445783

40 0.7332530120481927
41 0.7245783132530118
42 0.7149397590361446
43 0.7195180722891565
44 0.7296385542168676
45 0.7438554216867469
46 0.7267469879518075
47 0.7192771084337352
48 0.7568674698795183
49 0.7248192771084337

no normalized


1 0.46313253012048183
2 0.46506024096385545
3 0.4575903614457833
4 0.46626506024096365
5 0.4587951807228916
6 0.46144578313253026
7 0.6922891566265063
8 0.7101204819277107
9 0.6997590361445785

10 0.6787951807228916
11 0.684578313253012
12 0.6785542168674694
13 0.6669879518072288
14 0.6530120481927711
15 0.6669879518072289
16 0.6879518072289156
17 0.6963855421686748
18 0.7125301204819275
19 0.7166265060240963

20 0.7004819277108432
21 0.6987951807228917
22 0.7084337349397589
23 0.7074698795180722
24 0.6877108433734942
25 0.6985542168674698
26 0.706746987951807
27 0.6942168674698794
28 0.7086746987951809
29 0.6961445783132529

30 0.7197590361445783
31 0.7103614457831323
32 0.7154216867469878
33 0.7262650602409638
34 0.7113253012048192
35 0.6942168674698798
36 0.7132530120481928
37 0.717831325301205
38 0.7204819277108433
39 0.7289156626506021

40 0.7279518072289156
41 0.7134939759036142
42 0.7028915662650603
43 0.7327710843373493
44 0.7255421686746988
45 0.7286746987951809
46 0.739759036144578
47 0.7310843373493975
48 0.712048192771084
49 0.7269879518072293

1000 0.7253012048192773
