
1 0.45903614457831327
2 0.46144578313253015
3 0.4718072289156626
4 0.4604819277108434
5 0.544578313253012
6 0.5520481927710843
7 0.5354216867469878
8 0.550120481927711
9 0.553012048192771

20 0.5609638554216869
21 0.5563855421686748
22 0.56
23 0.5556626506024096
24 0.5715662650602412
25 0.5742168674698795
26 0.5631325301204818
27 0.560722891566265
28 0.5655421686746989
29 0.5754216867469879

30 0.5520481927710843
31 0.5783132530120481
32 0.5580722891566267
33 0.5474698795180722
34 0.5525301204819277
35 0.5795180722891566
36 0.6257831325301207
37 0.5602409638554217
38 0.5773493975903614
39 0.56

40 0.572289156626506
41 0.5742168674698798
42 0.6284337349397591
43 0.5775903614457834
44 0.6185542168674699
45 0.6224096385542167
46 0.6363855421686747
47 0.607710843373494
48 0.6149397590361445
49 0.6089156626506024

50 0.6397590361445782
51 0.6250602409638553
52 0.6224096385542167
53 0.6127710843373493
54 0.6286746987951806
55 0.6195180722891568
56 0.6067469879518073
57 0.6163855421686746
58 0.6551807228915663
59 0.6383132530120482

70 0.5990361445783131
71 0.6253012048192772
72 0.6349397590361445
73 0.6197590361445784
74 0.6074698795180722
75 0.6255421686746989
76 0.6303614457831326
77 0.6098795180722891
78 0.6346987951807229
79 0.6342168674698795

100 0.6404819277108433

100 0.6481927710843374


200 0.6339759036144581

500 0.5995180722891567

500 0.6108433734939759

1000 0.6506024096385541

1000 0.6696385542168676 normalized
