48 0.7513253012048193

AVEC LE MEME TYPE D'HISTOGRAM = NBR OCCURENCE + NORMALIZED

20 0.7918072289156628

1 0.7065060240963852
2 0.7202409638554215
3 0.7681927710843373
4 0.7850602409638556
5 0.7809638554216864
6 0.7710843373493974
7 0.786265060240964
8 0.788433734939759
9 0.7901204819277109

10 0.8
11 0.7908433734939758
12 0.7925301204819281
13 0.7872289156626509
14 0.7944578313253016
15 0.7990361445783133
16 0.7978313253012047
17 0.8096385542168676
18 0.8060240963855422
19 0.7949397590361447

20 0.7913253012048191
21 0.7809638554216869
22 0.7961445783132529
23 0.7722891566265059
24 0.7778313253012048
25 0.788192771084337
26 0.7761445783132528
27 0.7739759036144579
28 0.7696385542168679
29 0.7754216867469879


OKAPI BOTH


48 0.711807228915663

18 0.7178313253012045
