normalized

1 0.4602409638554217
2 0.4628915662650601
3 0.4590361445783134
4 0.46433734939759036
5 0.4554216867469879
6 0.4590361445783133
7 0.7
8 0.7243373493975902
9 0.7040963855421686

1000 0.7093975903614456

10 0.6848192771084339
11 0.6906024096385542
12 0.6739759036144578
13 0.6653012048192771
14 0.6696385542168674
15 0.6869879518072287
16 0.692289156626506
17 0.697831325301205
18 0.7021686746987953
19 0.7132530120481927

20 0.7255421686746988
21 0.7055421686746988
22 0.7055421686746988
23 0.7192771084337349
24 0.7156626506024096
25 0.7166265060240964
26 0.7231325301204821
27 0.7
28 0.699759036144578
29 0.7168674698795182

30 0.7115662650602412
31 0.7224096385542166
32 0.7106024096385543
33 0.7074698795180723
34 0.7118072289156625
35 0.7132530120481926
36 0.710120481927711
37 0.7269879518072289
38 0.7306024096385544
39 0.7166265060240963

40 0.732289156626506
41 0.7344578313253011
42 0.7315662650602407
43 0.7366265060240963
44 0.7199999999999999
45 0.74289156626506
46 0.729156626506024
47 0.7301204819277106
48 0.7045783132530119
49 0.7209638554216867
